line 0 - The next line is line 1 (f1)
9
0  1  1  1  1  0  0  0  0
1  0  0  0  0  1  0  0  0
1  0  0  0  0  0  1  0  0
1  0  0  0  0  0  0  1  0
1  0  0  0  0  0  0  0  1
0  1  0  0  0  0  0  1  0
0  0  1  0  0  0  0  0  0
0  0  0  1  0  1  0  0  0
0  0  0  0  1  0  0  0  0
line 12 - The next line is line 12
line 13 - The next line is line 13 (f2)
8
 0  18  99  40  99   3  99  99
99  99  99  99  99  99  99  99
 2  99   0  25  10  25  80  99
99  99  99   0  99  30  20  99
20  99  99   5   0   5  15  15
99  99  99  99  99   0   4  99
18  99  99  99  99  99   0   1
99  99  99  99  99  99  99   0
END OF DATA
